Signature: 4/4, Ticks per Beat: 960, Annotated Key: 0
onset;onsetics;takt;beat;ticks;pitch;durs;durtic;dur16;LBDM1;LBDM2;refLBDM1;refLBDM2;temperley;simple0-0-0;simple0-0-1;simple0-0-2;simple0-0-3;simple0-0-4;simple0-1-0;simple0-1-1;simple0-1-2;simple0-1-3;simple0-1-4;simple0-2-0;simple0-2-1;simple0-2-2;simple0-2-3;simple0-2-4;simple0-3-0;simple0-3-1;simple0-3-2;simple0-3-3;simple0-3-4;simple0-4-0;simple0-4-1;simple0-4-2;simple0-4-3;simple0-4-4;simple1-0-0;simple1-0-1;simple1-0-2;simple1-0-3;simple1-0-4;simple1-1-0;simple1-1-1;simple1-1-2;simple1-1-3;simple1-1-4;simple1-2-0;simple1-2-1;simple1-2-2;simple1-2-3;simple1-2-4;simple1-3-0;simple1-3-1;simple1-3-2;simple1-3-3;simple1-3-4;simple1-4-0;simple1-4-1;simple1-4-2;simple1-4-3;simple1-4-4
0,0000;0;1;1;0;40;0,5114;720;18;0;0;0;0;0;0;0;0;0;0;0;0;0;0;0;0;0;0;0;0;0;0;0;0;0;0;0;0;0;0;0;0;0;0;0;0;0;0;0;0;0;0;0;0;0;0;0;0;0;0;0;0;0;0;0
0,5114;720;1;1;720;40;0,1705;240;6;1;0;1;0;0;0;0;0;0;0;0;0;0;0;0;0;0;0;0;0;0;0;0;0;0;0;0;0;0;0;0;0;0;0;0;0;0;0;0;0;0;0;0;0;0;0;0;0;0;0;0;0;0;0;0
0,6818;960;1;2;0;35;0,1705;240;6;0;0;0;0;0;0;0;0;0;0;0;0;0;0;0;0;0;0;0;0;0;0;0;0;0;0;0;0;0;0;0;0;0;0;0;0;0;0;0;0;0;0;0;0;0;0;0;0;0;0;0;0;0;0;0
0,8523;1200;1;2;240;37;0,1705;240;6;0;0;0;0;0;0;0;0;0;0;0;0;0;0;0;0;0;0;0;0;0;0;0;0;0;0;0;0;0;0;0;0;0;0;0;0;0;0;0;0;0;0;0;0;0;0;0;0;0;0;0;0;0;0;0
1,0227;1440;1;2;480;40;0,1705;240;6;1;1;1;1;0;0;0;0;0;0;0;0;0;0;0;0;0;0;0;0;0;0;0;0;0;0;0;0;0;0;0;0;0;0;0;0;0;0;0;0;0;0;0;0;0;0;0;0;0;0;0;0;0;0;0
1,3636;1920;1;3;0;40;0,5114;720;18;0;0;0;0;0;1;1;0;0;0;1;1;0;0;0;1;1;0;0;0;1;1;0;0;0;1;1;0;0;0;1;1;0;0;0;1;1;0;0;0;1;1;0;0;0;1;1;0;0;0;1;1;0;0;0
1,8750;2640;1;3;720;40;0,1705;240;6;0;0;1;0;0;0;0;0;0;0;0;0;0;0;0;0;0;0;0;0;0;0;0;0;0;0;0;0;0;0;0;0;0;0;0;0;0;0;0;0;0;0;0;0;0;0;0;0;0;0;0;0;0;0;0
2,0455;2880;1;4;0;47;0,3409;480;12;0;0;0;0;0;1;0;0;0;0;1;0;0;0;0;1;0;0;0;0;1;0;0;0;0;1;0;0;0;0;1;0;0;0;0;1;0;0;0;0;1;0;0;0;0;1;0;0;0;0;1;0;0;0;0
2,3864;3360;1;4;480;47;0,3409;480;12;0;0;0;0;0;1;0;0;0;0;1;0;0;0;0;1;0;0;0;0;1;0;0;0;0;1;0;0;0;0;1;0;0;0;0;1;0;0;0;0;1;0;0;0;0;1;0;0;0;0;1;0;0;0;0
2,7273;3840;2;1;0;44;0,5114;720;18;1;0;0;0;1;1;1;0;0;0;1;1;0;0;0;1;1;0;0;0;1;1;0;0;0;1;1;0;0;0;1;1;0;0;0;1;1;0;0;0;1;1;0;0;0;1;1;0;0;0;1;1;0;0;0
3,2386;4560;2;1;720;44;0,1705;240;6;0;0;1;0;0;0;0;0;0;0;0;0;0;0;0;0;0;0;0;0;0;0;0;0;0;0;0;0;0;0;0;0;0;0;0;0;0;0;0;0;0;0;0;0;0;0;0;0;0;0;0;0;0;0;0
3,4091;4800;2;2;0;39;0,1705;240;6;0;0;0;0;0;0;0;0;0;0;0;0;0;0;0;0;0;0;0;0;0;0;0;0;0;0;0;0;0;0;0;0;0;0;0;0;0;0;0;0;0;0;0;0;0;0;0;0;0;0;0;0;0;0;0
3,5795;5040;2;2;240;42;0,1705;240;6;0;0;0;0;0;0;0;0;0;0;0;0;0;0;0;0;0;0;0;0;0;0;0;0;0;0;0;0;0;0;0;0;0;0;0;0;0;0;0;0;0;0;0;0;0;0;0;0;0;0;0;0;0;0;0
3,7500;5280;2;2;480;44;0,1705;240;6;1;1;1;1;0;0;0;0;0;0;0;0;0;0;0;0;0;0;0;0;0;0;0;0;0;0;0;0;0;0;0;0;0;0;0;0;0;0;0;0;0;0;0;0;0;0;0;0;0;0;0;0;0;0;0
4,0909;5760;2;3;0;44;0,6818;960;24;0;0;0;0;0;1;1;1;0;0;1;1;1;0;0;1;1;1;0;0;1;1;1;0;0;1;1;1;0;0;1;1;1;0;0;1;1;1;0;0;1;1;1;0;0;1;1;1;0;0;1;1;1;0;0
4,7727;6720;2;4;0;44;0,6818;960;24;1;0;1;0;0;1;1;1;0;0;1;1;1;0;0;1;1;1;0;0;1;1;1;0;0;1;1;1;0;0;1;1;1;0;0;1;1;1;0;0;1;1;1;0;0;1;1;1;0;0;1;1;1;0;0
5,4545;7680;3;1;0;37;0,5114;720;18;0;0;0;0;0;1;1;0;0;0;1;1;0;0;0;1;1;0;0;0;1;1;0;0;0;1;1;0;0;0;1;1;0;0;0;1;1;0;0;0;1;1;0;0;0;1;1;0;0;0;1;1;0;0;0
5,9659;8400;3;1;720;37;0,1705;240;6;0;0;0;0;0;0;0;0;0;0;0;0;0;0;0;0;0;0;0;0;0;0;0;0;0;0;0;0;0;0;0;0;0;0;0;0;0;0;0;0;0;0;0;0;0;0;0;0;0;0;0;0;0;0;0
6,1364;8640;3;2;0;37;0,6818;960;24;1;0;1;0;1;1;1;1;0;0;1;1;1;0;0;1;1;1;0;0;1;1;1;0;0;1;1;1;0;0;1;1;1;0;0;1;1;1;0;0;1;1;1;0;0;1;1;1;0;0;1;1;1;0;0
6,8182;9600;3;3;0;37;0,5114;720;18;0;0;0;0;0;1;1;0;0;0;1;1;0;0;0;1;1;0;0;0;1;1;0;0;0;1;1;0;0;0;1;1;0;0;0;1;1;0;0;0;1;1;0;0;0;1;1;0;0;0;1;1;0;0;0
7,3295;10320;3;3;720;37;0,1705;240;6;0;0;0;0;0;0;0;0;0;0;0;0;0;0;0;0;0;0;0;0;0;0;0;0;0;0;0;0;0;0;0;0;0;0;0;0;0;0;0;0;0;0;0;0;0;0;0;0;0;0;0;0;0;0;0
7,5000;10560;3;4;0;37;0,3409;480;12;0;0;0;0;0;1;0;0;0;0;1;0;0;0;0;1;0;0;0;0;1;0;0;0;0;1;0;0;0;0;1;0;0;0;0;1;0;0;0;0;1;0;0;0;0;1;0;0;0;0;1;0;0;0;0
7,8409;11040;3;4;480;37;0,3409;480;12;0;1;0;0;0;1;0;0;0;0;1;0;0;0;0;1;0;0;0;0;1;0;0;0;0;1;0;0;0;0;1;0;0;0;0;1;0;0;0;0;1;0;0;0;0;1;0;0;0;0;1;0;0;0;0
8,1818;11520;4;1;0;35;0,5114;720;18;0;1;1;0;0;1;1;0;0;0;1;1;0;0;0;1;1;0;0;0;1;1;0;0;0;1;1;0;0;0;1;1;0;0;0;1;1;0;0;0;1;1;0;0;0;1;1;0;0;0;1;1;0;0;0
8,6932;12240;4;1;720;35;0,1705;240;6;0;0;0;0;0;0;0;0;0;0;0;0;0;0;0;0;0;0;0;0;0;0;0;0;0;0;0;0;0;0;0;0;0;0;0;0;0;0;0;0;0;0;0;0;0;0;0;0;0;0;0;0;0;0;0
8,8636;12480;4;2;0;35;0,3409;480;12;0;0;0;0;0;1;0;0;0;0;1;0;0;0;0;1;0;0;0;0;1;0;0;0;0;1;0;0;0;0;1;0;0;0;0;1;0;0;0;0;1;0;0;0;0;1;0;0;0;0;1;0;0;0;0
9,2045;12960;4;2;480;35;0,3409;480;12;0;0;0;0;0;1;0;0;0;0;1;0;0;0;0;1;0;0;0;0;1;0;0;0;0;1;0;0;0;0;1;0;0;0;0;1;0;0;0;0;1;0;0;0;0;1;0;0;0;0;1;0;0;0;0
9,5455;13440;4;3;0;35;0,6818;960;24;1;1;1;1;1;1;1;1;0;0;1;1;1;0;0;1;1;1;0;0;1;1;1;0;0;1;1;1;0;0;1;1;1;0;0;1;1;1;0;0;1;1;1;0;0;1;1;1;0;0;1;1;1;0;0
10,2273;14400;4;4;0;35;0,1705;240;6;0;0;0;0;0;0;0;0;0;0;0;0;0;0;0;0;0;0;0;0;0;0;0;0;0;0;0;0;0;0;0;0;0;0;0;0;0;0;0;0;0;0;0;0;0;0;0;0;0;0;0;0;0;0;0
10,3977;14640;4;4;240;37;0,1705;240;6;0;0;0;0;0;0;0;0;0;0;0;0;0;0;0;0;0;0;0;0;0;0;0;0;0;0;0;0;0;0;0;0;0;0;0;0;0;0;0;0;0;0;0;0;0;0;0;0;0;0;0;0;0;0;0
10,5682;14880;4;4;480;40;0,1705;240;6;0;0;0;0;0;0;0;0;0;0;0;0;0;0;0;0;0;0;0;0;0;0;0;0;0;0;0;0;0;0;0;0;0;0;0;0;0;0;0;0;0;0;0;0;0;0;0;0;0;0;0;0;0;0;0
10,7386;15120;4;4;720;42;0,1705;240;6;0;0;0;0;0;0;0;0;0;0;0;0;0;0;0;0;0;0;0;0;0;0;0;0;0;0;0;0;0;0;0;0;0;0;0;0;0;0;0;0;0;0;0;0;0;0;0;0;0;0;0;0;0;0;0
10,9091;15360;5;1;0;40;0,5114;720;18;1;0;1;0;0;1;1;0;0;0;1;1;0;0;0;1;1;0;0;0;1;1;0;0;0;1;1;0;0;0;1;1;0;0;0;1;1;0;0;0;1;1;0;0;0;1;1;0;0;0;1;1;0;0;0
11,4205;16080;5;1;720;40;0,1705;240;6;0;0;0;0;0;0;0;0;0;0;0;0;0;0;0;0;0;0;0;0;0;0;0;0;0;0;0;0;0;0;0;0;0;0;0;0;0;0;0;0;0;0;0;0;0;0;0;0;0;0;0;0;0;0;0
11,5909;16320;5;2;0;35;0,1705;240;6;0;0;0;0;0;0;0;0;0;0;0;0;0;0;0;0;0;0;0;0;0;0;0;0;0;0;0;0;0;0;0;0;0;0;0;0;0;0;0;0;0;0;0;0;0;0;0;0;0;0;0;0;0;0;0
11,7614;16560;5;2;240;37;0,1705;240;6;0;0;0;0;0;0;0;0;0;0;0;0;0;0;0;0;0;0;0;0;0;0;0;0;0;0;0;0;0;0;0;0;0;0;0;0;0;0;0;0;0;0;0;0;0;0;0;0;0;0;0;0;0;0;0
11,9318;16800;5;2;480;40;0,1705;240;6;1;1;1;1;1;0;0;0;0;0;0;0;0;0;0;0;0;0;0;0;0;0;0;0;0;0;0;0;0;0;0;0;0;0;0;0;0;0;0;0;0;0;0;0;0;0;0;0;0;0;0;0;0;0;0
12,2727;17280;5;3;0;40;0,5114;720;18;0;0;0;0;0;1;1;0;0;0;1;1;0;0;0;1;1;0;0;0;1;1;0;0;0;1;1;0;0;0;1;1;0;0;0;1;1;0;0;0;1;1;0;0;0;1;1;0;0;0;1;1;0;0;0
12,7841;18000;5;3;720;40;0,1705;240;6;0;0;1;0;0;0;0;0;0;0;0;0;0;0;0;0;0;0;0;0;0;0;0;0;0;0;0;0;0;0;0;0;0;0;0;0;0;0;0;0;0;0;0;0;0;0;0;0;0;0;0;0;0;0;0
12,9545;18240;5;4;0;47;0,3409;480;12;0;0;0;0;0;1;0;0;0;0;1;0;0;0;0;1;0;0;0;0;1;0;0;0;0;1;0;0;0;0;1;0;0;0;0;1;0;0;0;0;1;0;0;0;0;1;0;0;0;0;1;0;0;0;0
13,2955;18720;5;4;480;47;0,3409;480;12;0;0;0;0;0;1;0;0;0;0;1;0;0;0;0;1;0;0;0;0;1;0;0;0;0;1;0;0;0;0;1;0;0;0;0;1;0;0;0;0;1;0;0;0;0;1;0;0;0;0;1;0;0;0;0
13,6364;19200;6;1;0;44;0,5114;720;18;0;1;0;0;0;1;1;0;0;0;1;1;0;0;0;1;1;0;0;0;1;1;0;0;0;1;1;0;0;0;1;1;0;0;0;1;1;0;0;0;1;1;0;0;0;1;1;0;0;0;1;1;0;0;0
14,1477;19920;6;1;720;44;0,1705;240;6;0;0;1;0;0;0;0;0;0;0;0;0;0;0;0;0;0;0;0;0;0;0;0;0;0;0;0;0;0;0;0;0;0;0;0;0;0;0;0;0;0;0;0;0;0;0;0;0;0;0;0;0;0;0;0
14,3182;20160;6;2;0;39;0,3409;480;12;0;0;0;0;0;1;0;0;0;0;1;0;0;0;0;1;0;0;0;0;1;0;0;0;0;1;0;0;0;0;1;0;0;0;0;1;0;0;0;0;1;0;0;0;0;1;0;0;0;0;1;0;0;0;0
14,6591;20640;6;2;480;39;0,3409;480;12;1;1;1;1;0;1;0;0;0;0;1;0;0;0;0;1;0;0;0;0;1;0;0;0;0;1;0;0;0;0;1;0;0;0;0;1;0;0;0;0;1;0;0;0;0;1;0;0;0;0;1;0;0;0;0
15,0000;21120;6;3;0;32;0,6818;960;24;0;0;0;0;1;1;1;1;0;0;1;1;1;0;0;1;1;1;0;0;1;1;1;0;0;1;1;1;0;0;1;1;1;0;0;1;1;1;0;0;1;1;1;0;0;1;1;1;0;0;1;1;1;0;0
15,6818;22080;6;4;0;32;0,1705;240;6;0;0;0;0;0;0;0;0;0;0;0;0;0;0;0;0;0;0;0;0;0;0;0;0;0;0;0;0;0;0;0;0;0;0;0;0;0;0;0;0;0;0;0;0;0;0;0;0;0;0;0;0;0;0;0
15,8523;22320;6;4;240;34;0,1705;240;6;0;0;0;0;0;0;0;0;0;0;0;0;0;0;0;0;0;0;0;0;0;0;0;0;0;0;0;0;0;0;0;0;0;0;0;0;0;0;0;0;0;0;0;0;0;0;0;0;0;0;0;0;0;0;0
16,0227;22560;6;4;480;37;0,1705;240;6;0;0;0;0;0;0;0;0;0;0;0;0;0;0;0;0;0;0;0;0;0;0;0;0;0;0;0;0;0;0;0;0;0;0;0;0;0;0;0;0;0;0;0;0;0;0;0;0;0;0;0;0;0;0;0
16,1932;22800;6;4;720;39;0,1705;240;6;0;0;0;0;0;0;0;0;0;0;0;0;0;0;0;0;0;0;0;0;0;0;0;0;0;0;0;0;0;0;0;0;0;0;0;0;0;0;0;0;0;0;0;0;0;0;0;0;0;0;0;0;0;0;0
16,3636;23040;7;1;0;37;0,5114;720;18;1;1;1;0;0;1;1;0;0;0;1;1;0;0;0;1;1;0;0;0;1;1;0;0;0;1;1;0;0;0;1;1;0;0;0;1;1;0;0;0;1;1;0;0;0;1;1;0;0;0;1;1;0;0;0
16,8750;23760;7;1;720;37;0,1705;240;6;0;0;0;0;0;0;0;0;0;0;0;0;0;0;0;0;0;0;0;0;0;0;0;0;0;0;0;0;0;0;0;0;0;0;0;0;0;0;0;0;0;0;0;0;0;0;0;0;0;0;0;0;0;0;0
17,0454;24000;7;2;0;32;0,1705;240;6;0;0;0;0;0;0;0;0;0;0;0;0;0;0;0;0;0;0;0;0;0;0;0;0;0;0;0;0;0;0;0;0;0;0;0;0;0;0;0;0;0;0;0;0;0;0;0;0;0;0;0;0;0;0;0
17,2159;24240;7;2;240;34;0,1705;240;6;1;0;1;0;0;0;0;0;0;0;0;0;0;0;0;0;0;0;0;0;0;0;0;0;0;0;0;0;0;0;0;0;0;0;0;0;0;0;0;0;0;0;0;0;0;0;0;0;0;0;0;0;0;0;0
17,3864;24480;7;2;480;37;0,3409;480;12;0;0;0;0;0;1;0;0;0;0;1;0;0;0;0;1;0;0;0;0;1;0;0;0;0;1;0;0;0;0;1;0;0;0;0;1;0;0;0;0;1;0;0;0;0;1;0;0;0;0;1;0;0;0;0
17,7273;24960;7;3;0;37;0,5114;720;18;0;0;1;0;1;1;1;0;0;0;1;1;0;0;0;1;1;0;0;0;1;1;0;0;0;1;1;0;0;0;1;1;0;0;0;1;1;0;0;0;1;1;0;0;0;1;1;0;0;0;1;1;0;0;0
18,2386;25680;7;3;720;37;0,1705;240;6;0;0;0;0;0;0;0;0;0;0;0;0;0;0;0;0;0;0;0;0;0;0;0;0;0;0;0;0;0;0;0;0;0;0;0;0;0;0;0;0;0;0;0;0;0;0;0;0;0;0;0;0;0;0;0
18,4091;25920;7;4;0;37;0,3409;480;12;0;0;0;0;0;1;0;0;0;0;1;0;0;0;0;1;0;0;0;0;1;0;0;0;0;1;0;0;0;0;1;0;0;0;0;1;0;0;0;0;1;0;0;0;0;1;0;0;0;0;1;0;0;0;0
18,7500;26400;7;4;480;37;0,3409;480;12;0;1;0;0;0;1;0;0;0;0;1;0;0;0;0;1;0;0;0;0;1;0;0;0;0;1;0;0;0;0;1;0;0;0;0;1;0;0;0;0;1;0;0;0;0;1;0;0;0;0;1;0;0;0;0
19,0909;26880;8;1;0;35;0,5114;720;18;0;1;1;1;0;1;1;0;0;0;1;1;0;0;0;1;1;0;0;0;1;1;0;0;0;1;1;0;0;0;1;1;0;0;0;1;1;0;0;0;1;1;0;0;0;1;1;0;0;0;1;1;0;0;0
19,6023;27600;8;1;720;35;0,1705;240;6;0;0;0;0;0;0;0;0;0;0;0;0;0;0;0;0;0;0;0;0;0;0;0;0;0;0;0;0;0;0;0;0;0;0;0;0;0;0;0;0;0;0;0;0;0;0;0;0;0;0;0;0;0;0;0
19,7727;27840;8;2;0;35;0,3409;480;12;0;0;0;0;0;1;0;0;0;0;1;0;0;0;0;1;0;0;0;0;1;0;0;0;0;1;0;0;0;0;1;0;0;0;0;1;0;0;0;0;1;0;0;0;0;1;0;0;0;0;1;0;0;0;0
20,1136;28320;8;2;480;35;0,3409;480;12;0;0;0;0;0;1;0;0;0;0;1;0;0;0;0;1;0;0;0;0;1;0;0;0;0;1;0;0;0;0;1;0;0;0;0;1;0;0;0;0;1;0;0;0;0;1;0;0;0;0;1;0;0;0;0
20,4545;28800;8;3;0;35;0,5114;720;18;1;0;1;1;0;1;1;0;0;0;1;1;0;0;0;1;1;0;0;0;1;1;0;0;0;1;1;0;0;0;1;1;0;0;0;1;1;0;0;0;1;1;0;0;0;1;1;0;0;0;1;1;0;0;0
20,9659;29520;8;3;720;35;0,1705;240;6;0;0;0;0;0;0;0;0;0;0;0;0;0;0;0;0;0;0;0;0;0;0;0;0;0;0;0;0;0;0;0;0;0;0;0;0;0;0;0;0;0;0;0;0;0;0;0;0;0;0;0;0;0;0;0
21,1364;29760;8;4;0;35;0,6818;960;24;1;1;1;1;1;1;1;1;1;1;1;1;1;1;1;1;1;1;1;1;1;1;1;1;1;1;1;1;1;1;1;1;1;1;1;1;1;1;1;1;1;1;1;1;1;1;1;1;1;1;1;1;1;1;1
